model outputs = namedtuple(q_values, rewards)
Outputs(q_values=tensor([[ 0.1761,  0.1375,  0.1921,  0.1244],
        [ 0.1761,  0.1375,  0.1921,  0.1244],
        [ 0.1751,  0.1367,  0.1913,  0.1235],
        [ 0.1762,  0.1379,  0.1925,  0.1241],
        [ 0.1766,  0.1375,  0.1921,  0.1243],
        [ 0.1754,  0.1382,  0.1915,  0.1239],
        [ 0.1751,  0.1366,  0.1912,  0.1234],
        [ 0.1759,  0.1361,  0.1919,  0.1235],
        [ 0.1754,  0.1381,  0.1915,  0.1240],
        [ 0.1757,  0.1369,  0.1926,  0.1244]]), rewards=Rewards(reward=tensor([[ 0.1000,  0.0735,  0.1293,  0.0653],
        [ 0.1000,  0.0735,  0.1293,  0.0653],
        [ 0.0994,  0.0732,  0.1288,  0.0651],
        [ 0.1002,  0.0737,  0.1289,  0.0650],
        [ 0.1002,  0.0733,  0.1289,  0.0650],
        [ 0.0998,  0.0744,  0.1289,  0.0654],
        [ 0.0994,  0.0731,  0.1287,  0.0650],
        [ 0.1001,  0.0726,  0.1293,  0.0650],
        [ 0.0998,  0.0743,  0.1288,  0.0653],
        [ 0.0993,  0.0728,  0.1288,  0.0645]]), next_rewards=[Rewards(reward=tensor([[ 0.0869,  0.0639,  0.1280,  0.0619],
        [ 0.0869,  0.0639,  0.1280,  0.0619],
        [ 0.0867,  0.0638,  0.1279,  0.0618],
        [ 0.0869,  0.0641,  0.1275,  0.0618],
        [ 0.0868,  0.0639,  0.1279,  0.0619],
        [ 0.0869,  0.0641,  0.1277,  0.0618],
        [ 0.0867,  0.0638,  0.1279,  0.0618],
        [ 0.0867,  0.0639,  0.1281,  0.0619],
        [ 0.0869,  0.0641,  0.1277,  0.0618],
        [ 0.0867,  0.0639,  0.1281,  0.0618]]), next_rewards=[None, None, None, None]), Rewards(reward=tensor([[ 0.0877,  0.0602,  0.1300,  0.0645],
        [ 0.0877,  0.0602,  0.1300,  0.0645],
        [ 0.0873,  0.0601,  0.1299,  0.0645],
        [ 0.0876,  0.0602,  0.1295,  0.0644],
        [ 0.0875,  0.0601,  0.1299,  0.0645],
        [ 0.0876,  0.0604,  0.1297,  0.0644],
        [ 0.0873,  0.0601,  0.1299,  0.0645],
        [ 0.0875,  0.0599,  0.1302,  0.0646],
        [ 0.0876,  0.0603,  0.1297,  0.0644],
        [ 0.0876,  0.0600,  0.1300,  0.0646]]), next_rewards=[None, None, None, None]), Rewards(reward=tensor([[ 0.0902,  0.0656,  0.1238,  0.0599],
        [ 0.0902,  0.0656,  0.1238,  0.0599],
        [ 0.0899,  0.0655,  0.1238,  0.0597],
        [ 0.0903,  0.0656,  0.1234,  0.0598],
        [ 0.0900,  0.0655,  0.1237,  0.0598],
        [ 0.0902,  0.0658,  0.1235,  0.0599],
        [ 0.0899,  0.0655,  0.1238,  0.0597],
        [ 0.0901,  0.0654,  0.1240,  0.0597],
        [ 0.0902,  0.0658,  0.1235,  0.0599],
        [ 0.0897,  0.0657,  0.1239,  0.0600]]), next_rewards=[None, None, None, None]), Rewards(reward=tensor([[ 0.0925,  0.0667,  0.1246,  0.0659],
        [ 0.0925,  0.0667,  0.1246,  0.0659],
        [ 0.0921,  0.0666,  0.1246,  0.0659],
        [ 0.0924,  0.0667,  0.1244,  0.0657],
        [ 0.0923,  0.0666,  0.1245,  0.0659],
        [ 0.0925,  0.0668,  0.1245,  0.0657],
        [ 0.0921,  0.0666,  0.1246,  0.0658],
        [ 0.0923,  0.0666,  0.1249,  0.0660],
        [ 0.0925,  0.0668,  0.1245,  0.0657],
        [ 0.0921,  0.0664,  0.1245,  0.0657]]), next_rewards=[None, None, None, None])]))